10046
6436
6937
5787
6419
8012
6428
8370
6426
6432
8375
10377
6417
6416
7165
9882
9369
6217
6425
6415
6031
6430
7632
6422
6413
7621
5904
6427
7608
9289
9890
9891
8132
10081
8814
8820
8804
10611
6549
6544
6542
6546
6548
6547
8061
6941
6550
9733
10382
5718
6545
9069
9067
9066
9064
9071
9065
9068
9072
6846
6845
6304
6856
10471
10666
9901
10547
6126
8970
7570
7571
6742
6009
6715
6349
6801
6350
7432
8968
8033
9839
8679
8681
7202
8035
8034
9499
9387
8740
8720
8738
8721
8722
8756
8736
6718
5598
5606
8755
8754
8753
10537
8724
8737
5603
5596
8763
8761
8723
8758
8757
5597
8741
5595
7841
7662
7755
7756
8701
7829
8693
7752
7754
6506
7760
7761
9773
6139
6367
6363
6366
9923
9699
10334
9232
9834
9302
7835
9476
9465
9475
9474
9469
9468
9464
5618
9463
9462
9467
6488
5614
9466
9472
9471
9473
5617
5615
7196
9800
10350
9919
9918
9917
9501
7745
9998
10013
10015
10031
10034
10366
10384
10511
9354
9360
9346
9363
9339
9345
9334
9335
9351
9340
9358
9337
9347
9356
9331
8273
9362
9333
9359
8041
7398
9336
10295
5775
7533
6289
6288
6959
9344
8225
6046
6048
9338
9365
6047
8172
7421
8272
9355
9357
9341
9366
9364
9330
9288
7506
9532
10530
5888
6154
10703
10587
10702
9368
10593
10407
7902
10529
9961
10583
10109
8308
8320
6472
6478
6495
6485
9326
9328
6466
7366
6493
6481
6475
5162
9950
6498
10558
8312
6029
6474
6499
6012
6479
6484
6486
8317
6496
6497
6469
6471
10376
6482
9876
8322
6494
6221
6483
6510
7517
9832
8325
8329
10522
10571
9535
6490
10648
8098
6491
8442
8445
8441
8439
7502
10691
10692
5838
9964
8440
8444
6449
7711
6457
6455
6461
10315
6452
7479
6442
6459
10476
6458
6443
6441
6231
5681
6121
10647
6451
9816
6446
7652
5983
6440
6460
6453
6444
9562
9847
8372
5893
8383
8391
8376
8374
8378
8392
8390
8377
8373
8381
8389
6936
8394
6785
9555
8072
8399
6556
6552
7214
5777
6555
5965
6553
9511
10101
6554
8398
7489
9643
10062
8774
8751
8765
8749
9287
8747
8597
8599
8598
8596
6862
8602
8601
8400
6528
10404
10296
9374
9371
9370
6650
6652
6644
9614
9373
6657
6641
6660
6651
5653
6639
6640
6655
6631
6649
6633
6642
9372
7587
6632
6636
6308
6643
6658
5897
6656
10496
6647
9789
10201
6648
6635
6071
6637
8713
10021
6630
6645
9650
6654
6638
6634
6659
6653
8745
8743
8731
8726
8728
9752
9640
6279
8719
9660
6327
7386
8972
8973
8969
9318
8967
6093
8971
7025
6300
6591
7186
5991
5468
6592
9735
9557
9746
9206
6408
6892
6403
6397
6398
6402
6407
6404
9813
10275
6410
6411
6409
6406
6357
9320
9967
9824
9214
6281
9217
9222
9216
9220
9218
9221
9219
9161
9159
9153
9163
9158
9155
8895
9324
9104
9111
9107
9109
6394
7598
6290
10434
6291
9635
9046
9690
9149
7957
5624
6962
6061
8241
7862
7846
6354
9973
6158
6159
9867
7288
8097
10087
10139
9457
9455
9456
8315
8310
8321
8333
9454
9453
7125
10002
8980
8978
8982
8831
8828
8835
8837
9520
8834
7126
10229
8826
10624
8604
8559
9818
10029
10321
7951
6716
7191
10277
6311
9015
9479
6861
6310
6272
9458
9461
9459
9460
5198
5199
7921
7920
7922
7928
7927
7924
6301
9749
9478
9477
6337
10383
7362
7667
8432
10233
8433
6771
6508
5870
5984
7610
6251
6964
6758
9377
8437
6762
6082
6769
6766
6756
6764
6781
6751
6750
6763
6309
6768
6776
6746
6753
6765
6754
6749
6759
6760
6752
6767
6770
6761
7654
6477
6038
6773
9788
6747
6780
10190
6777
6755
8435
8436
9807
6133
6774
6778
6578
6757
6775
7658
6745
9509
6779
8543
8544
8545
8548
8546
5743
7477
7494
10266
8328
8330
10489
7505
7122
8794
8800
7473
5849
9835
9239
9238
9237
6504
6248
6503
6500
5990
6502
6505
6249
6250
6172
9739
7663
9162
9154
9166
9164
9157
9156
6319
9160
9480
6328
6316
8265
9181
9172
9178
9170
8113
5889
9168
7008
7009
7010
7011
7012
5114
6988
6982
6984
6986
6985
6987
10235
10570
7139
7933
7931
7930
9938
9668
7437
9519
9062
8869
8879
8873
8876
8882
8872
8880
8878
8881
8884
8871
8875
8883
8885
8874
6358
8226
9819
6693
6094
10596
6109
6107
6108
10588
7925
7926
7360
9135
6943
6942
7647
7576
9132
9797
6346
6893
9897
7919
7915
7918
7916
10298
7946
7947
7945
7940
7943
7938
7942
7937
7941
7939
7935
7923
9740
10027
9742
9518
9952
7737
8169
8013
7738
9852
7657
6818
6084
6796
6123
6823
6812
6707
6695
6860
6734
5998
6400
10626
10088
9682
6265
6804
6793
6824
6798
6820
6829
6821
8397
6687
6083
9063
8443
10097
6797
6811
6790
6809
8470
8468
8469
8334
6737
6696
6794
6732
6128
8472
8493
6685
6733
6688
7777
6697
6699
6808
8104
8103
8145
8337
8358
6686
6803
7326
6736
6698
6795
6802
6825
6807
8521
5890
6735
6805
10608
6489
10589
7424
10358
10581
10653
8121
8124
8127
6080
9948
8122
6814
6115
6815
6822
6817
10561
6096
8120
6813
6810
6827
6816
8119
8123
6081
6828
9913
6806
6826
6117
6114
9306
8126
7535
10590
6819
8116
10499
6116
8117
10567
9946
8118
10655
6102
10585
10578
10333
8221
8530
8542
5917
6605
6621
8533
8540
6599
6612
6620
6623
6622
6604
6601
6624
6598
6615
6603
6626
6617
7771
6609
6073
6072
6039
6614
5857
6611
6930
6602
6613
6606
6625
6610
6619
6607
8528
10200
6037
9642
6040
6608
6129
10514
7217
10687
10688
3283
7301
7309
6571
6566
6572
6573
8079
6567
6570
6560
6575
6574
6569
6576
6565
6564
6563
6562
7148
6320
6561
10381
10572
9516
9812
8260
8043
9869
9937
6690
9215
10239
8995
9059
9043
9042
8984
8977
8986
9025
9028
10512
7534
8988
9030
9036
6246
8981
9022
6266
10659
9040
8991
9038
10372
6284
10373
6431
9572
8892
9009
10022
7516
9820
7765
9853
7764
7766
7447
7774
8411
8428
8429
8410
8430
8431
9955
9513
10416
8571
8567
9381
8574
8564
8562
8580
8573
8587
8570
8551
8563
8547
9390
9382
7068
5959
5960
9299
9207
7234
8059
6840
10278
8248
8262
7067
8249
8242
8247
8246
8243
8244
5527
9380
8240
8920
8922
8924
8928
8918
9483
7431
8931
6233
7192
10147
9116
7897
8109
8798
8796
8795
7810
7900
7888
7890
7887
8824
7509
7815
9019
6859
6352
6353
5756
7848
7873
9017
7864
10173
7867
7866
7831
7833
7843
7402
8259
10214
7681
7894
10020
8491
8488
8494
8516
8471
8482
8503
7394
7478
7399
9656
6035
8524
8518
10146
9775
9776
7501
6924
8359
8324
8319
8355
8335
8356
8304
8305
8357
6255
10676
9125
9131
9134
9138
9127
9129
9141
9150
9145
9151
9147
9148
9152
7225
8069
9202
9203
6902
6903
6904
6905
6907
7389
7390
7391
9386
6928
9128
7948
8588
8589
8590
8586
8591
8592
8593
8575
8577
8579
10621
8583
8584
6679
8585
6355
5860
5859
7934
7936
10316
8815
9856
6287
7958
7965
7964
7963
7949
9931
10019
7909
10035
7911
7912
7910
10432
7200
7201
6356
7906
7905
7908
8171
10028
8623
8478
8531
8600
8492
8572
8594
8489
8529
8578
8605
8526
8523
8556
8527
8517
8612
8626
8534
8496
8522
8609
8535
8541
8568
8552
10241
10455
10153
10157
10140
10155
10152
8617
6582
6585
6583
7499
6586
6589
6584
6590
8618
6588
6587
6118
10682
10686
8632
6242
8634
8633
7429
7223
8274
8638
6934
9779
9554
6202
9878
9780
6873
8163
9121
5789
10041
9123
6836
8841
6101
7442
5537
8402
9982
8405
9857
7092
7119
7114
6318
10490
5858
5809
5812
5534
5310
7896
5213
5757
9412
7893
8778
8776
8805
8868
8813
8817
8822
8803
8775
8802
8801
8870
8783
8819
6946
6947
6948
5844
5673
6331
1827
8807
6956
9573
10417
10669
7352
8161
9493
9393
9114
9394
10102
9119
6683
9747
8954
8942
8934
8956
8955
8957
8958
8962
8959
8936
8158
6228
9391
9388
5853
9392
9389
7898
7891
7895
7404
6131
5801
5802
10614
10623
9034
9024
9031
9029
9023
9026
7886
7884
8386
8385
8382
6169
6702
6701
8388
8301
8303
8302
10642
10674
8306
9777
6523
6518
6519
10319
6522
6521
6517
6514
6515
6516
6520
7929
8130
10577
10320
8129
10544
7438
10251
8128
8307
6525
6524
10082
8407
8404
8408
8406
6325
7626
9743
6162
10609
7730
7733
7731
10437
7559
7734
9922
7364
9556
8403
6535
6536
6540
6534
6541
6537
6843
6530
6529
6532
6531
10093
9649
9537
10397
6020
6538
6533
9670
6539
10433
6232
10610
10245
6872
8985
9007
9018
9021
8990
9014
9012
9083
9073
9074
9027
9082
9086
9008
9070
8999
9079
10051
6103
9864
9016
8084
6719
6085
8096
9078
9037
9010
9033
6961
6112
9006
10599
8994
6855
6086
10586
10598
9983
8133
8140
8136
8139
8135
10436
7395
10084
6275
9396
5900
7380
5816
6381
6374
8168
10466
6362
6388
6372
6095
6382
8007
7419
6387
6385
6380
6371
6386
6379
9397
6378
6373
6365
6359
5770
6376
6383
6323
9850
6306
6343
10518
7361
6389
6317
6369
5899
6393
8087
6307
6377
6361
6390
6370
6360
6391
10601
10597
6384
5766
5716
8420
8409
7996
7971
7975
7977
7993
7992
7989
7994
7970
7972
7973
7974
7979
7985
7978
7983
7982
7988
7980
7987
7981
7986
7991
7984
7990
9644
9186
9180
9184
9182
9188
10515
9081
9077
9102
9094
9080
9084
9091
9088
9113
5925
8550
9484
9120
9118
9126
9124
8663
8652
8660
8661
8662
8111
8159
7708
7705
7704
7706
7707
7709
7955
7954
6262
9966
8316
8314
8311
8309
8313
6439
8750
8746
7773
6710
6712
6711
8283
8284
8286
8285
7753
7759
7758
10043
9575
7751
7762
7743
6848
7715
7716
7712
7713
7714
10042
10307
10309
10308
10310
8323
7381
6672
6675
8058
8326
6663
8327
7134
6674
6676
6204
6666
7740
6670
6669
6668
7132
7739
7741
6677
7133
6671
6664
6673
6665
6667
9506
10096
10579
9928
8365
8361
8362
8364
8366
6263
8363
8368
7675
8367
6627
6210
10414
6628
10037
9953
8854
8855
8853
8856
8852
7224
9342
10246
9398
6558
9399
6138
6557
6559
7279
8032
9246
9245
10060
6412
10327
10005
9247
6899
6913
9240
9250
6901
6910
6908
9241
9249
10402
9242
10184
10616
9248
6911
6900
10657
8565
9400
7854
8027
7850
9492
7795
10474
8558
7798
7800
7809
7812
9837
7830
7827
7802
8557
10100
8555
7785
7816
7813
10658
7828
7792
7790
7796
10365
9750
7837
7772
9772
7757
9348
10290
10289
10292
6437
7284
10288
10291
9488
9489
7836
9827
9826
7844
8181
8180
10652
10704
8848
8847
8845
10612
9198
9200
9197
9199
9201
9401
9402
9771
5451
9836
10492
7285
9329
9332
9327
7780
8125
7783
7811
7814
8780
8781
8782
8779
8341
8344
8343
8346
8342
8345
8353
7826
8350
8347
8348
8351
8352
10410
10148
10055
8349
9828
8371
9103
9105
6527
5982
7686
6526
9987
9732
9405
9406
9409
9408
9407
9410
7252
7189
7566
5918
6273
8629
8639
9403
6844
6028
9404
7550
7409
7407
7408
9849
7842
9787
7874
7872
6336
9929
9903
7861
6295
6299
7863
10026
9281
9277
9284
9274
9278
9275
9279
9282
9283
9280
9899
10107
8459
8455
8448
8454
8450
8447
8449
8460
8456
8461
8458
8452
8451
6256
6916
5887
5863
8463
6782
6334
7742
7599
5919
7466
5924
8464
7396
8465
8030
8268
6125
8467
8466
7600
7601
10697
10696
10698
8791
8789
8792
8786
8379
9414
9413
10098
9795
9415
9058
5759
8777
5751
7880
5735
5736
9416
8071
8667
8704
8790
8706
8768
8840
8771
8797
8816
8692
8695
8702
8687
8690
8705
8691
8700
8697
8678
6867
6684
5967
8670
9165
5776
10052
8784
7169
7027
6332
6104
6077
7684
8703
8821
6170
7363
7403
7358
9167
8688
6257
5867
6067
8698
8689
8846
8842
8832
8825
8849
8806
8812
10563
10538
8090
10256
10536
9538
10521
6088
8091
8773
7685
10560
8099
10594
8089
8088
8338
8339
8340
8229
6144
10620
9799
8269
8473
9831
7914
8808
8809
8810
9751
9175
9171
9173
9176
9174
8294
6178
6179
6177
6211
6212
9872
8207
8215
8214
8200
8208
8217
8192
8199
8198
8212
8213
8203
8220
8201
9870
8210
8216
8218
8205
8202
8219
8204
9871
8209
8195
8194
8197
8193
8196
8206
7860
9313
9312
9316
9317
9315
7917
9319
9314
9900
10086
9988
10286
7959
9641
10670
10689
9418
9790
10232
10519
8657
8653
8650
8649
8645
8648
8655
8654
9417
8651
8656
8646
8644
8647
7171
9858
8222
6137
6089
8658
6132
10202
8680
8685
8683
8676
8682
8684
8686
9565
8223
6090
10595
8227
8504
8509
8498
8501
8508
8499
8502
8500
8511
8507
8495
8506
8510
8505
8497
6252
5993
9541
8512
10363
7460
9734
8513
5920
8514
6321
5784
8266
6889
6726
10535
6280
5818
6324
5921
8515
9004
9002
9005
8998
9001
8987
9000
8992
8993
9896
6018
6292
5545
10582
10690
10568
9196
9195
9192
9193
5962
9251
5640
9311
8074
7053
7047
7048
7044
9686
10285
7840
7839
8615
8611
8631
8641
8630
8621
8624
8640
8576
8608
8637
8569
8627
9536
8643
8636
8561
8642
10191
8484
8475
8474
8476
8477
8481
8479
8480
8485
8486
8487
8707
8708
8709
7063
7061
7058
7059
7060
7054
7064
7055
7683
7875
5953
5935
7889
10079
10073
10074
10066
10070
7883
7885
10072
7882
10069
10071
10065
10078
10075
10068
10067
10077
6264
8299
8157
6220
7881
7851
9940
7735
7852
7853
7855
7856
7849
7825
7821
7819
7824
7820
7817
7822
7818
7834
7845
8270
10243
5646
9821
7491
5839
8289
8290
9048
9053
9047
8261
7365
9050
9049
9054
6206
6260
9052
9307
9515
6207
9815
6258
7695
7694
7699
7718
7717
7724
7723
6254
6253
7693
8167
8170
9944
7698
7700
7719
7720
7721
7722
7726
7729
7728
7725
7727
8183
8182
8267
10336
10408
7697
7859
9045
9041
6147
6145
6146
10335
8164
8166
9039
7374
7375
9044
7376
6302
7689
7687
6269
7688
7690
9310
10054
6185
8417
8416
8418
8415
8413
8412
8414
8419
8422
8421
7190
8423
6063
8425
8426
6743
10680
8427
8424
10016
7481
8369
6027
6036
9936
7655
9097
9101
9263
6724
9265
9264
6341
6340
9420
6342
10607
9309
8715
8716
8258
6055
8857
5854
7770
7769
9428
9427
9429
9433
9425
9438
9440
9426
9423
9424
9436
7188
9430
7567
9439
6205
6007
9437
9434
9435
9422
6134
9432
8093
8606
8677
8668
8735
8714
8711
8710
8619
8669
8752
8664
8734
8665
8673
8666
8762
8733
8628
8622
8610
8770
8730
8625
8742
8769
8767
8744
7448
7410
7646
8006
10299
6958
8732
6243
6005
8717
8727
5964
8729
6013
9687
5912
7418
6098
6338
7441
8725
8671
8766
7216
7426
6165
6164
6345
7138
9681
8031
10462
6853
8877
8911
8923
8915
8947
8913
8965
8910
8909
8906
8907
8905
8935
8933
8886
8927
8912
8887
8937
8929
8964
8914
8925
7170
6259
6180
8016
8946
8940
8961
9916
10144
7351
5977
8162
9502
6127
8300
10247
7573
9090
9122
9144
9146
9445
9442
9139
9112
9447
9133
9136
9140
9108
9098
9099
9142
9443
9093
9106
7393
6267
9269
6784
6271
9270
10472
6069
9115
10053
6261
9814
7290
6834
9652
10248
9448
9863
8865
8862
8864
8859
9441
8861
8863
8860
7474
6838
5478
8858
8866
6006
6034
6728
8867
8190
10025
10024
8028
7869
7868
6000
10573
8932
8930
8949
8953
8944
8951
8950
10004
3950
8919
8921
10498
10332
10625
9213
9212
7268
9211
6977
8827
5373
5286
9880
8010
9260
9259
9254
9255
9450
9252
9253
9258
9261
9256
9262
9449
6141
7793
8186
8184
8185
8187
10167
8188
9451
9452
7799
7801
10007
10204
10326
10213
10638
9190
9185
9191
9187
9235
9234
9233
9189
5540
5894
6476
7159
7036
7038
9223
9226
9225
9230
9228
9229
9224
9227
9210
5659
9208
6184
7296
7297
7298
4348
4347
4344
4343
4345
4342
7787
7808
7805
7804
7807
7806
7803
8536
8537
5929
8293
9927
6433
6245
6421
6032
6543
6364
8739
5604
5602
5609
7691
10303
9470
5621
7692
9350
9349
9343
9361
7140
8331
6492
6551
8102
8748
8401
6646
6322
6791
8966
6401
9204
6772
8434
6023
8264
9179
9934
7932
7952
10591
7944
9741
10565
8538
6618
8018
6616
6568
10439
8997
9032
9035
6227
8979
7763
7784
5961
8245
9860
5755
7950
5764
7870
10059
8581
8582
8519
10454
10467
9411
10104
10622
8387
7732
10092
9075
9076
9003
8138
5866
6375
6392
7995
9177
9902
6190
9745
9244
6912
9243
9898
10199
9490
9491
9487
6438
7847
8843
7779
9563
7871
9276
8453
8457
8446
6507
5928
8083
9057
10401
8844
8836
8694
8788
7400
8838
8211
8675
8672
8996
8989
9194
8483
8490
10076
7659
8224
7823
8288
8287
8291
9051
7696
7736
8049
8165
9549
8607
8613
8616
8718
8022
8904
8916
9137
9143
9444
6335
9446
8002
10574
8939
8938
8941
8952
7267
9886
7797
8818
6509
8976
9874
6395
6368
7832
8462
